0 0.9413145161290324 0.6561415929203542 0.8727077526383663 0.6387155468429245 0.8534677419354841 0.7299292035398232 0.9220745054261501 0.7473552496172529
0 0.5324743698893512 0.633419382596239 0.5192613094397879 0.5342347770025775 0.4339401653568883 0.547921589096604 0.44715322580645156 0.6471061946902656
0 0.49958014927458183 0.44654451203099993 0.4828387096774193 0.3775575221238938 0.36891129032258063 0.41084955752212393 0.38565272991974314 0.47983654742923004
0 0.621483870967742 0.19083185840707978 0.540398142553895 0.1832921636915752 0.5322580645161291 0.28870796460177 0.6133437929299761 0.2962476593172746
0 0.8488868703674987 0.4044391398932341 0.7892903225806451 0.3355309734513275 0.7211211941486304 0.40652546187667765 0.7807177419354839 0.4754336283185842
0 0.9069999999999998 0.4197168141592921 0.8728998423158947 0.36256144766698434 0.8164032258064514 0.4031504424778761 0.8505033834905567 0.46030580897018386
0 0.8643273475986649 0.5545661301820856 0.8231418637276973 0.49432719212898824 0.7656129032258066 0.5416902654867256 0.8067983870967741 0.601929203539823
0 0.9399435483870965 0.790159292035398 0.90428351480804 0.7412924994836128 0.8520967741935483 0.7871504424778762 0.887756807772605 0.8360172350296616
0 0.884552810327313 0.8670164508824264 0.8461173264563453 0.841414680970922 0.8136612903225805 0.9000884955752212 0.8520967741935481 0.9256902654867256
0 0.8342500000000002 0.6742123893805312 0.7478624700169683 0.6655898819524498 0.7381612903225806 0.7826283185840709 0.8245488203056125 0.7912508260121522
0 0.9880866000725789 0.36487159785097467 0.9162661290322581 0.3072831858407081 0.8614884444693267 0.38954595034237305 0.9333089155096476 0.4471343623526396