0 0.921266 0.929927 0.889968 0.805109 0.747527 0.830773 0.778825 0.955590
0 1.000000 0.667065 0.911392 0.611002 0.858705 0.676418 0.955582 0.732481
0 0.562145 0.603922 0.510718 0.492385 0.362842 0.541373 0.414268 0.652910
0 0.979516 0.565511 0.977676 0.389234 0.827661 0.390359 0.829502 0.566636
0 0.476871 0.403277 0.386023 0.313306 0.274955 0.393886 0.365804 0.483856
0 0.843268 0.682554 0.754147 0.523515 0.622771 0.576410 0.711892 0.735449
0 0.406502 0.616263 0.252243 0.563979 0.212139 0.648993 0.366397 0.701277
0 0.569608 0.914820 0.512710 0.778232 0.432681 0.802185 0.489579 0.938773
0 0.821542 0.749647 0.665132 0.731955 0.648295 0.838900 0.804705 0.856592
0 0.690192 0.435797 0.621405 0.423723 0.603911 0.495328 0.672698 0.507403
0 0.568929 0.400157 0.506014 0.391639 0.494823 0.451034 0.557738 0.459552
0 0.571882 0.709367 0.548676 0.670073 0.448530 0.712567 0.471736 0.751861
0 0.717356 0.946339 0.684409 0.821646 0.585728 0.840380 0.618675 0.965073
