0 0.12535494060232782 0.46255340904482106 0.039308962264150996 0.45440330188679257 0.029674528301886827 0.556120283018868 0.11572050664006364 0.5642703901768964
0 0.1801698113207547 0.6408797169811321 0.1308618492003174 0.5736207230171926 0.05762555433197348 0.6273106794138874 0.1069335164524108 0.6945696733778269
0 0.37517688679245265 0.6853797169811321 0.33831177379272276 0.5714655482662069 0.261564248837762 0.5963027235871686 0.298429361837492 0.7102168923020938
0 0.6043589422233994 0.6268499815864056 0.5153353573177388 0.5590433778128207 0.45784433962264154 0.6345235849056604 0.546867924528302 0.7023301886792453
0 0.09999536588438238 0.7681902927922076 0.03444339622641519 0.7556533018867926 0.010599056603773685 0.8803278301886793 0.07615102626174088 0.8928648210940943
0 0.3141638271937017 0.9621662261908576 0.29674999999999996 0.9057570754716981 0.18183381431573228 0.9412323587148029 0.19924764150943397 0.9976415094339623
0 0.8797106991696121 0.7123690759395473 0.8791823972828197 0.6199681325433211 0.7816202830188678 0.6205259433962265 0.7821485849056602 0.7129268867924528
0 0.4557240566037737 0.47983490566037734 0.4111630804949217 0.40407528370297097 0.31186171830833237 0.46248325240245663 0.3564226944171843 0.538242874359863
0 0.25011792452830184 0.4014316037735849 0.24439403390671932 0.27388112720223606 0.11314584707132311 0.2797709543978765 0.11886973769290567 0.40732143096922546
0 0.2952540963134298 0.4675143519851406 0.18064152523450197 0.46412899578196154 0.1778992213739024 0.5569707758722927 0.2925117924528302 0.5603561320754717
0 0.5050930881483209 0.8701696472264194 0.4748018867924529 0.7447122641509435 0.3433696253812735 0.7764460768406916 0.37366082673714146 0.9019034599161675
0 0.29779839919676127 0.8416562296436507 0.24212760148930765 0.7376077753535939 0.1817301456887727 0.7699232438231507 0.2374009433962263 0.8739716981132076
0 0.2769015632017463 0.613921932676431 0.20136556603773592 0.6072783018867924 0.19076886792452835 0.727759433962264 0.2663048650885387 0.7344030647519026
0 0.7242011196976378 0.48185420176604016 0.6401344339622641 0.4395731132075473 0.5878625595476453 0.5435042887999979 0.6719292452830189 0.5857853773584907
0 0.6185282550891825 0.46470573986423613 0.5829033018867925 0.3442169811320755 0.48156844302402496 0.37417869409802795 0.517193396226415 0.49466745283018865
0 0.7788975082615595 0.7664209703787689 0.6931250000000001 0.7235212264150945 0.6443726415094341 0.8209952830188681 0.7301451497709935 0.8638950269825424
0 0.4865696755964283 0.9748200155911307 0.48539858490566046 0.9269481132075471 0.3391438679245283 0.9305259433962263 0.34031495861529615 0.9783978457798099